FOLD 3	 - POLARITY: 3
DEMOCRATIC								BAYESIAN														DT	SVM	MNB	POL
1(1 0 1 )	1(0.5320349457517035 0.25720659322900447 0.16070113539978567 )			3.0	1.0	3
1(1 1 0 )	2(0.37202420223227506 0.5848162854003018 0.09738991826313123 )			1.0	2.0	3
2(0 1 1 )	2(0.12910991506699995 0.4115886859692655 0.39952358204307126 )			2.0	3.0	3
1(1 0 1 )	3(0.251340597501143 0.2623400853559255 0.41731385605596444 )			1.0	3.0	3
2(0 2 0 )	2(0.23731640904506723 0.7815527918954128 0.06496053659963456 )			2.0	2.0	3
1(1 0 1 )	3(0.3634440112488253 0.1399959445725888 0.39828648925435806 )			1.0	3.0	3
3(0 0 2 )	3(0.13286283127703735 0.25003207391275994 0.49768712078000504 )			3.0	3.0	3
3(0 0 2 )	3(0.0432093810343616 0.12017942248804611 0.6378173459969889 )			3.0	3.0	3
1(2 0 0 )	1(0.5335773525541809 0.3178993371739977 0.1337920476028667 )			1.0	1.0	3
3(0 0 2 )	3(0.20991852170973824 0.31979811022703797 0.389964917359885 )			3.0	3.0	3
1(2 0 0 )	1(0.521139879688145 0.3425772166302782 0.12773043480722107 )			1.0	1.0	3
3(0 0 2 )	3(0.05050888232711158 0.0440676418862151 0.6846848555576576 )			3.0	3.0	3
1(2 0 0 )	1(0.5812543318739853 0.2973344376270973 0.11311125100595813 )			1.0	1.0	3
1(1 1 0 )	1(0.5020383118307069 0.3782951993290416 0.11865331750508115 )			2.0	1.0	3
1(2 0 0 )	1(0.5956994538119036 0.3486817434306567 0.06168582433215826 )			1.0	1.0	3
3(0 0 2 )	3(0.16036214878020516 0.3124009309454522 0.4370035208999743 )			3.0	3.0	3
3(0 0 2 )	3(0.1290387809851229 0.2259108347299877 0.5235703627090462 )			3.0	3.0	3
1(2 0 0 )	1(0.5583870352137957 0.29462543605023284 0.12016255953721003 )			1.0	1.0	3
2(0 1 1 )	2(0.22254137141820424 0.5400064473019377 0.22631801092629683 )			3.0	2.0	3
2(0 2 0 )	2(0.241120040339024 0.7722259167842951 0.06861985131648421 )			2.0	2.0	3
3(0 0 2 )	3(0.16036214878020516 0.3124009309454522 0.4370035208999743 )			3.0	3.0	3
1(2 0 0 )	1(0.5239641762902087 0.4737039712770904 0.042074724110951874 )			1.0	1.0	3
3(0 0 2 )	3(0.08259471177680874 0.1401567534764636 0.5985951455545762 )			3.0	3.0	3
3(0 0 2 )	3(0.20991852170973824 0.31979811022703797 0.389964917359885 )			3.0	3.0	3
2(0 2 0 )	2(0.2662310779974454 0.8198498955521405 0.019028497576165006 )			2.0	2.0	3
1(1 1 0 )	2(0.38425240846627623 0.5294982510694041 0.12058289935294239 )			1.0	2.0	3
1(1 1 0 )	1(0.6296693477718629 0.24912906879673605 0.10086561028403897 )			2.0	1.0	3
1(1 0 1 )	1(0.46892069720937357 0.3021586827094104 0.18323223121310578 )			3.0	1.0	3
3(0 0 2 )	3(0.20991852170973824 0.31979811022703797 0.389964917359885 )			3.0	3.0	3
1(1 1 0 )	2(0.1958901976400661 0.7217816160967595 0.12907669600139474 )			1.0	2.0	3
1(1 1 0 )	2(0.29014417253087177 0.6617877665615576 0.10701718564445073 )			1.0	2.0	3
1(2 0 0 )	1(0.6838553413266013 0.1580559422318915 0.13019835602638682 )			1.0	1.0	3
1(1 0 1 )	1(0.5446577954601695 0.2617587035561342 0.14726153438833156 )			3.0	1.0	3
1(2 0 0 )	1(0.6984211123214296 0.17500265934417786 0.10121406260114091 )			1.0	1.0	3
3(0 0 2 )	3(0.20991852170973824 0.31979811022703797 0.389964917359885 )			3.0	3.0	3
2(0 2 0 )	2(0.272291262882348 0.5529329555885607 0.18459985227391235 )			2.0	2.0	3
1(1 1 0 )	2(0.36327785329546647 0.49469563598708177 0.16835527566815323 )			1.0	2.0	3
2(0 2 0 )	2(0.24003580468764493 0.7585943218207063 0.07502991642923176 )			2.0	2.0	3
2(0 2 0 )	2(0.2695748027444803 0.7468429506510488 0.062193559920805774 )			2.0	2.0	3
2(0 2 0 )	2(0.22881549383567518 0.8263069629367608 0.03708280769100843 )			2.0	2.0	3
1(2 0 0 )	1(0.8007335793679531 0.1580559422318915 0.031377760353930216 )			1.0	1.0	3
1(1 1 0 )	2(0.42104659902829916 0.5318485253033356 0.09384048996038824 )			1.0	2.0	3
1(2 0 0 )	1(0.4086085908753262 0.30810859011884706 0.23698878647571736 )			1.0	1.0	3
2(0 2 0 )	2(0.24003580468764493 0.7585943218207063 0.07502991642923176 )			2.0	2.0	3
3(0 0 2 )	3(0.0649749585499245 0.17717357266088432 0.5882547472561218 )			3.0	3.0	3
3(0 0 2 )	3(0.1650372783018592 0.28622629656445636 0.4512336866768081 )			3.0	3.0	3
3(0 0 2 )	3(0.20991852170973824 0.31979811022703797 0.389964917359885 )			3.0	3.0	3
1(1 1 0 )	2(0.25859579000633065 0.57211243707902 0.18474845561214148 )			1.0	2.0	3
1(1 1 0 )	1(0.45636137517754116 0.37959403581469886 0.1494809277798318 )			2.0	1.0	3
2(0 2 0 )	2(0.18401993249821086 0.9050287845188063 0.02424645118258244 )			2.0	2.0	3
3(0 0 2 )	3(0.050786347536313434 0.21663962392164482 0.5786400085913236 )			3.0	3.0	3
3(0 0 2 )	3(0.20991852170973824 0.31979811022703797 0.389964917359885 )			3.0	3.0	3
3(0 0 2 )	3(0.0649749585499245 0.17717357266088432 0.5882547472561218 )			3.0	3.0	3
1(2 0 0 )	1(0.5486788350783417 0.33858793333534815 0.11294642138479813 )			1.0	1.0	3
2(0 2 0 )	2(0.24292656447105213 0.8145555917671032 0.03729076981134671 )			2.0	2.0	3
1(2 0 0 )	1(0.7188535496665498 0.23502742339314722 0.041005027735249715 )			1.0	1.0	3
1(2 0 0 )	1(0.5709387508403847 0.32224115829892763 0.10055587489105947 )			1.0	1.0	3
3(0 0 2 )	3(0.08758053809833644 0.11734053753804012 0.6135834235309277 )			3.0	3.0	3
1(2 0 0 )	1(0.5077213367343925 0.2159283559944704 0.2168293849585362 )			1.0	1.0	3
1(2 0 0 )	1(0.5397960889871989 0.37841889869773315 0.09278701986761698 )			1.0	1.0	3
1(2 0 0 )	1(0.5486788350783417 0.3641935539254528 0.09476343178106611 )			1.0	1.0	3
1(2 0 0 )	1(0.8219809288474311 0.09048555800636168 0.057763604287916985 )			1.0	1.0	3
1(1 0 1 )	3(0.32596543469735867 0.11927641737202221 0.45518537972914774 )			1.0	3.0	3
1(1 0 1 )	3(0.32914593699574474 0.12544279798810876 0.4355366933583775 )			1.0	3.0	3
1(2 0 0 )	1(0.684132271248866 0.23443985483466437 0.06525147891783215 )			1.0	1.0	3
1(1 0 1 )	1(0.46798567130504276 0.2839502414008915 0.19667183222455986 )			3.0	1.0	3
1(2 0 0 )	1(0.6647619151613438 0.20168445920883987 0.11615551051190462 )			1.0	1.0	3
1(2 0 0 )	1(0.6677902722079716 0.2515102713156422 0.0782920999801868 )			1.0	1.0	3
1(1 1 0 )	2(0.3272537307933019 0.6748379769711137 0.06727287211366435 )			1.0	2.0	3
2(0 1 1 )	2(0.24591701902647456 0.5684571368464985 0.1867897726573142 )			3.0	2.0	3
1(2 0 0 )	1(0.5668022683527731 0.28438318781419103 0.12016255953721003 )			1.0	1.0	3
1(1 1 0 )	1(0.5941383634072921 0.24912906879673605 0.13090707136846577 )			2.0	1.0	3
1(1 1 0 )	2(0.3883982327549549 0.4871933148586376 0.1434030887012553 )			1.0	2.0	3
1(1 0 1 )	3(0.32057682320918557 0.3061603340132405 0.3229999318559953 )			1.0	3.0	3
1(2 0 0 )	1(0.599041978450052 0.25166489896930844 0.12352466757760146 )			1.0	1.0	3
3(0 0 2 )	3(0.1290387809851229 0.3203671240179292 0.45795348718253515 )			3.0	3.0	3
1(1 0 1 )	3(0.18811677709879362 0.1762705675448604 0.5154449422270364 )			1.0	3.0	3
2(0 2 0 )	2(0.286047327930289 0.6201260604578075 0.13367404804729455 )			2.0	2.0	3
1(1 0 1 )	1(0.4053389357148783 0.3021586827094104 0.23699063525892217 )			3.0	1.0	3
1(1 1 0 )	1(0.5764725659970218 0.41915285815917613 0.02995149851966066 )			2.0	1.0	3
2(0 1 1 )	3(0.11193725579432348 0.3995466197683503 0.4323651903808348 )			2.0	3.0	3
1(1 1 0 )	1(0.5020383118307069 0.3782951993290416 0.11865331750508115 )			2.0	1.0	3
1(2 0 0 )	1(0.6451625382657784 0.236697357984879 0.10284828655574874 )			1.0	1.0	3
