FOLD 7	 - POLARITY: 3
DEMOCRATIC								BAYESIAN														DT	SVM	MNB	POL
1(1 0 1 )	3(0.34313737596023863 0.1950938647507277 0.36698260737725663 )			1.0	3.0	3
1(1 1 0 )	2(0.4437915202748457 0.47064980754480157 0.08818364417314026 )			2.0	1.0	3
2(0 2 0 )	2(0.20839993530959605 0.7766592834074026 0.0827148828385555 )			2.0	2.0	3
2(0 2 0 )	2(0.23462062154574959 0.7631649869633239 0.07276419925481595 )			2.0	2.0	3
3(0 0 2 )	3(0.24176110902255382 0.32074979032791406 0.34727260390608317 )			3.0	3.0	3
3(0 0 2 )	3(0.20931211086257284 0.2916368373300642 0.395290096270816 )			3.0	3.0	3
1(1 0 1 )	3(0.2793511572082511 0.15195751213114664 0.4449874703093435 )			1.0	3.0	3
3(0 0 2 )	3(0.24176110902255382 0.32074979032791406 0.34727260390608317 )			3.0	3.0	3
2(0 2 0 )	2(0.19629808012367903 0.7619915698812302 0.09952810682487406 )			2.0	2.0	3
3(0 0 2 )	3(0.24176110902255382 0.32074979032791406 0.34727260390608317 )			3.0	3.0	3
3(0 0 2 )	3(0.24176110902255382 0.32074979032791406 0.34727260390608317 )			3.0	3.0	3
1(1 0 1 )	3(0.19615090280507158 0.16721193419836597 0.49268212610726764 )			1.0	3.0	3
2(0 1 1 )	2(0.25713164386000814 0.558766793475767 0.17552155829318455 )			3.0	2.0	3
2(0 2 0 )	2(0.27490385639304915 0.7057862847558485 0.07171354720695064 )			2.0	2.0	3
1(1 1 0 )	2(0.3126312589695228 0.7243097226542109 0.03980273433495825 )			1.0	2.0	3
2(0 2 0 )	2(0.02016975864319502 1.024704495670223 0.06313537170372688 )			2.0	2.0	3
3(0 0 2 )	3(0.24176110902255382 0.32074979032791406 0.34727260390608317 )			3.0	3.0	3
2(0 2 0 )	2(0.2534054535963829 0.6616298296157523 0.11734847914769295 )			2.0	2.0	3
1(2 0 0 )	1(0.6330753584704326 0.16781019686893484 0.14499388899544718 )			1.0	1.0	3
2(0 1 1 )	3(0.09731908545341598 0.2725416864664011 0.49594424653838787 )			2.0	3.0	3
2(0 1 1 )	2(0.10463282567565664 0.4132446382741657 0.3670463639464417 )			3.0	2.0	3
3(0 0 2 )	3(0.04690708360172619 0.1820283736911515 0.5741037392057722 )			3.0	3.0	3
1(1 1 0 )	1(0.46750466735113094 0.3194760754526701 0.17578350470228232 )			2.0	1.0	3
2(0 1 1 )	2(0.1628708010437998 0.4568304449555949 0.33399794799710436 )			2.0	3.0	3
2(0 2 0 )	2(0.10594622940163094 0.814462242389133 0.13364459886392285 )			2.0	2.0	3
1(1 0 1 )	1(0.44605143815149084 0.20945494915374263 0.27665513593117896 )			1.0	3.0	3
1(2 0 0 )	1(0.7441164522292525 0.17777268793721016 0.05009654493882676 )			1.0	1.0	3
2(0 2 0 )	2(0.2552342101305014 0.7319634007509811 0.06999791210630588 )			2.0	2.0	3
1(1 0 1 )	1(0.44857265798189017 0.16075814024685012 0.30376217052136606 )			1.0	3.0	3
3(0 0 2 )	3(0.04690708360172619 0.1820283736911515 0.5741037392057722 )			3.0	3.0	3
1(2 0 0 )	1(0.6591641078154755 0.2560378049317231 0.07417440303274803 )			1.0	1.0	3
3(0 0 2 )	3(0.24176110902255382 0.32074979032791406 0.34727260390608317 )			3.0	3.0	3
3(0 0 2 )	3(0.24176110902255382 0.32074979032791406 0.34727260390608317 )			3.0	3.0	3
1(1 0 1 )	1(0.47092181023550916 0.23078164081269698 0.22007781624597644 )			3.0	1.0	3
3(0 0 2 )	3(0.0630428905162822 0.16618724308288524 0.5720449770849985 )			3.0	3.0	3
3(0 0 2 )	3(0.16490017166441706 0.23541885092641923 0.4622443306437344 )			3.0	3.0	3
3(0 0 2 )	3(0.24176110902255382 0.32074979032791406 0.34727260390608317 )			3.0	3.0	3
1(1 0 1 )	1(0.47092181023550916 0.23078164081269698 0.22007781624597644 )			3.0	1.0	3
1(1 0 1 )	1(0.44722748748668867 0.08565944699284712 0.35355618814445455 )			1.0	3.0	3
3(0 0 2 )	3(0.04690708360172619 0.1820283736911515 0.5741037392057722 )			3.0	3.0	3
1(1 0 1 )	1(0.4918816304684014 0.2939871129404761 0.1610502950264658 )			3.0	1.0	3
1(1 0 1 )	1(0.5673369833068135 0.23932292082996443 0.13553517295093542 )			3.0	1.0	3
1(1 0 1 )	1(0.5743235900511109 0.1988941954148985 0.1568612451334683 )			3.0	1.0	3
2(0 2 0 )	2(0.2534054535963829 0.6616298296157523 0.11734847914769295 )			2.0	2.0	3
3(0 0 2 )	3(0.15233254269554689 0.3520678170578947 0.39906449349223444 )			3.0	3.0	3
1(2 0 0 )	1(0.5660274373235394 0.24394513536794044 0.14367067384249496 )			1.0	1.0	3
1(1 0 1 )	1(0.39453490983119077 0.36288677174643347 0.1941818714529008 )			3.0	1.0	3
1(1 1 0 )	2(0.2959912080888869 0.7788736169715724 0.018871986107092273 )			1.0	2.0	3
2(0 1 1 )	3(0.19110846314427282 0.33136470798392825 0.39327483786140727 )			2.0	3.0	3
1(2 0 0 )	1(0.6246627831219799 0.18998868091107915 0.12709231726384704 )			1.0	1.0	3
1(2 0 0 )	1(0.6586598638493957 0.25369097076753555 0.07589003813339278 )			1.0	1.0	3
3(0 0 2 )	3(0.025728837026371416 0.13743852457158723 0.6142496005608593 )			3.0	3.0	3
3(0 0 2 )	3(0.04690708360172619 0.1820283736911515 0.5741037392057722 )			3.0	3.0	3
1(1 1 0 )	2(0.4140751910310948 0.6259939231734704 0.024018891409026532 )			1.0	2.0	3
1(1 0 1 )	3(0.23623765515130496 0.2977678594339349 0.3800214341421567 )			1.0	3.0	3
2(0 1 1 )	3(0.1936296829746722 0.2522846726501662 0.44464434328921454 )			2.0	3.0	3
1(1 0 1 )	1(0.3656677702874267 0.2311090012553078 0.31829818968917817 )			1.0	3.0	3
3(0 0 2 )	3(0.04690708360172619 0.1820283736911515 0.5741037392057722 )			3.0	3.0	3
1(2 0 0 )	1(0.518466360608659 0.21040015643763427 0.19801619709562207 )			1.0	1.0	3
3(0 0 2 )	3(0.04690708360172619 0.1820283736911515 0.5741037392057722 )			3.0	3.0	3
1(1 1 0 )	1(0.5226405123992739 0.33036304248538373 0.118159417510347 )			2.0	1.0	3
2(0 2 0 )	2(0.20825275799098858 0.6807837329915513 0.15220536443210386 )			2.0	2.0	3
3(0 0 2 )	3(0.24176110902255382 0.32074979032791406 0.34727260390608317 )			3.0	3.0	3
1(1 0 1 )	1(0.47092181023550916 0.23078164081269698 0.22007781624597644 )			3.0	1.0	3
2(0 1 1 )	2(0.22388432093946475 0.6263293962993789 0.15749530223918826 )			3.0	2.0	3
1(1 1 0 )	1(0.3982789123507798 0.3776247919142636 0.18784997482112406 )			2.0	1.0	3
1(2 0 0 )	1(0.5858207573063325 0.31015330969387034 0.08406611993159285 )			1.0	1.0	3
1(2 0 0 )	1(0.6358413539128558 0.16721193419836597 0.1331854807445707 )			1.0	1.0	3
1(2 0 0 )	1(0.3976440174078228 0.39085744596242344 0.18686119346512786 )			1.0	1.0	3
1(2 0 0 )	1(0.49336672718284635 0.32651084220152576 0.1478597237354925 )			1.0	1.0	3
2(0 2 0 )	2(0.20839993530959605 0.7766592834074026 0.0827148828385555 )			2.0	2.0	3
1(2 0 0 )	1(0.6358413539128558 0.14491700963858384 0.14622430750947082 )			1.0	1.0	3
1(1 1 0 )	1(0.5983899460321684 0.3913345968782811 0.024018891409026532 )			2.0	1.0	3
1(2 0 0 )	1(0.6428937921813422 0.22439585920535593 0.10002974812143302 )			1.0	1.0	3
3(0 0 2 )	3(0.0569919629233237 0.2512599815346855 0.5264090834078481 )			3.0	3.0	3
3(0 0 2 )	3(0.24176110902255382 0.32074979032791406 0.34727260390608317 )			3.0	3.0	3
1(2 0 0 )	1(0.7356816591966711 0.20945494915374263 0.04019805828962514 )			1.0	1.0	3
2(0 2 0 )	2(0.20934800921723273 0.7683393302958887 0.07994859569004545 )			2.0	2.0	3
2(0 2 0 )	2(0.26159418510270704 0.8142709066348718 0.019558240147350175 )			2.0	2.0	3
2(0 1 1 )	3(0.09731908545341598 0.2725416864664011 0.49594424653838787 )			2.0	3.0	3
2(0 1 1 )	2(0.14169255446844503 0.48883777231725545 0.32572229980961886 )			2.0	3.0	3
1(1 0 1 )	1(0.4727257772570322 0.18013107623091967 0.2465594869536165 )			3.0	1.0	3
1(1 0 1 )	2(0.28489784083512965 0.34685430538390605 0.31131096496420296 )			1.0	3.0	3
1(2 0 0 )	1(0.7184741046542331 0.14023833688595488 0.09482678014157839 )			1.0	1.0	3
